{
 "cells": [
  {
   "cell_type": "code",
   "execution_count": 25,
   "metadata": {},
   "outputs": [],
   "source": [
    "import random\n",
    "import numpy as np\n",
    "import pandas as pd\n",
    "\n",
    "# Tools\n",
    "from sklearn.preprocessing import StandardScaler,\n",
    "                                    LabelEncoder\n",
    "from sklearn.model_selection import train_test_split, \n",
    "                                    cross_val_score,\n",
    "                                    GridSearchCV\n",
    "\n",
    "# Evaluation Metrics\n",
    "from sklearn.metrics import accuracy_score,\n",
    "                            confusion_matrix,\n",
    "                            classification_report,\n",
    "                            make_scorer\n",
    "\n",
    "# Model\n",
    "from sklearn import svm\n",
    "\n",
    "# Visuals\n",
    "import matplotlib.pyplot as plt\n",
    "from matplotlib.colors import ListedColormap\n",
    "import seaborn as sns\n",
    "import warnings\n",
    "warnings.filterwarnings(\"ignore\")\n",
    "%matplotlib inline"
   ]
  },
  {
   "cell_type": "code",
   "execution_count": 3,
   "metadata": {},
   "outputs": [],
   "source": [
    "data = pd.read_csv('Lesikulit.csv', index_col=False)"
   ]
  },
  {
   "cell_type": "code",
   "execution_count": 4,
   "metadata": {},
   "outputs": [
    {
     "data": {
      "text/html": [
       "<div>\n",
       "<style scoped>\n",
       "    .dataframe tbody tr th:only-of-type {\n",
       "        vertical-align: middle;\n",
       "    }\n",
       "\n",
       "    .dataframe tbody tr th {\n",
       "        vertical-align: top;\n",
       "    }\n",
       "\n",
       "    .dataframe thead th {\n",
       "        text-align: right;\n",
       "    }\n",
       "</style>\n",
       "<table border=\"1\" class=\"dataframe\">\n",
       "  <thead>\n",
       "    <tr style=\"text-align: right;\">\n",
       "      <th></th>\n",
       "      <th>energy0</th>\n",
       "      <th>correlation0</th>\n",
       "      <th>homogeneity0</th>\n",
       "      <th>contrast0</th>\n",
       "      <th>energy45</th>\n",
       "      <th>correlation45</th>\n",
       "      <th>homogeneity45</th>\n",
       "      <th>contrast45</th>\n",
       "      <th>energy90</th>\n",
       "      <th>correlation90</th>\n",
       "      <th>...</th>\n",
       "      <th>contrast90</th>\n",
       "      <th>energy135</th>\n",
       "      <th>correlation135</th>\n",
       "      <th>homogeneity135</th>\n",
       "      <th>contrast135</th>\n",
       "      <th>asym</th>\n",
       "      <th>border</th>\n",
       "      <th>color</th>\n",
       "      <th>diameter</th>\n",
       "      <th>label</th>\n",
       "    </tr>\n",
       "  </thead>\n",
       "  <tbody>\n",
       "    <tr>\n",
       "      <th>0</th>\n",
       "      <td>0.440027</td>\n",
       "      <td>0.987313</td>\n",
       "      <td>0.876831</td>\n",
       "      <td>58.919599</td>\n",
       "      <td>0.437526</td>\n",
       "      <td>0.980937</td>\n",
       "      <td>0.829286</td>\n",
       "      <td>88.504887</td>\n",
       "      <td>0.439023</td>\n",
       "      <td>0.984782</td>\n",
       "      <td>...</td>\n",
       "      <td>70.668794</td>\n",
       "      <td>0.437373</td>\n",
       "      <td>0.979830</td>\n",
       "      <td>0.830626</td>\n",
       "      <td>93.645957</td>\n",
       "      <td>0.000008</td>\n",
       "      <td>16366.942740</td>\n",
       "      <td>0.021012</td>\n",
       "      <td>565.364132</td>\n",
       "      <td>mls</td>\n",
       "    </tr>\n",
       "    <tr>\n",
       "      <th>1</th>\n",
       "      <td>0.328523</td>\n",
       "      <td>0.961991</td>\n",
       "      <td>0.766172</td>\n",
       "      <td>87.760241</td>\n",
       "      <td>0.326387</td>\n",
       "      <td>0.962305</td>\n",
       "      <td>0.726479</td>\n",
       "      <td>86.901689</td>\n",
       "      <td>0.331537</td>\n",
       "      <td>0.976304</td>\n",
       "      <td>...</td>\n",
       "      <td>54.770630</td>\n",
       "      <td>0.325155</td>\n",
       "      <td>0.950490</td>\n",
       "      <td>0.723046</td>\n",
       "      <td>114.141077</td>\n",
       "      <td>0.000016</td>\n",
       "      <td>4572.983745</td>\n",
       "      <td>0.083268</td>\n",
       "      <td>294.095963</td>\n",
       "      <td>mls</td>\n",
       "    </tr>\n",
       "    <tr>\n",
       "      <th>2</th>\n",
       "      <td>0.328545</td>\n",
       "      <td>0.973316</td>\n",
       "      <td>0.815981</td>\n",
       "      <td>88.991741</td>\n",
       "      <td>0.323068</td>\n",
       "      <td>0.955651</td>\n",
       "      <td>0.738847</td>\n",
       "      <td>147.450430</td>\n",
       "      <td>0.327842</td>\n",
       "      <td>0.970674</td>\n",
       "      <td>...</td>\n",
       "      <td>97.760656</td>\n",
       "      <td>0.324809</td>\n",
       "      <td>0.968194</td>\n",
       "      <td>0.771296</td>\n",
       "      <td>105.747141</td>\n",
       "      <td>0.000011</td>\n",
       "      <td>3259.533423</td>\n",
       "      <td>0.119282</td>\n",
       "      <td>264.981775</td>\n",
       "      <td>mls</td>\n",
       "    </tr>\n",
       "    <tr>\n",
       "      <th>3</th>\n",
       "      <td>0.256278</td>\n",
       "      <td>0.981375</td>\n",
       "      <td>0.858117</td>\n",
       "      <td>64.215994</td>\n",
       "      <td>0.251838</td>\n",
       "      <td>0.972170</td>\n",
       "      <td>0.800008</td>\n",
       "      <td>95.627266</td>\n",
       "      <td>0.255849</td>\n",
       "      <td>0.980794</td>\n",
       "      <td>...</td>\n",
       "      <td>66.183715</td>\n",
       "      <td>0.252077</td>\n",
       "      <td>0.973593</td>\n",
       "      <td>0.805094</td>\n",
       "      <td>90.735270</td>\n",
       "      <td>0.000005</td>\n",
       "      <td>11659.430540</td>\n",
       "      <td>0.060257</td>\n",
       "      <td>502.663474</td>\n",
       "      <td>mls</td>\n",
       "    </tr>\n",
       "    <tr>\n",
       "      <th>4</th>\n",
       "      <td>0.299454</td>\n",
       "      <td>0.976365</td>\n",
       "      <td>0.802904</td>\n",
       "      <td>73.571775</td>\n",
       "      <td>0.295586</td>\n",
       "      <td>0.965048</td>\n",
       "      <td>0.742212</td>\n",
       "      <td>108.530538</td>\n",
       "      <td>0.299521</td>\n",
       "      <td>0.974358</td>\n",
       "      <td>...</td>\n",
       "      <td>79.788690</td>\n",
       "      <td>0.296181</td>\n",
       "      <td>0.967294</td>\n",
       "      <td>0.752107</td>\n",
       "      <td>101.555432</td>\n",
       "      <td>0.000008</td>\n",
       "      <td>8230.659198</td>\n",
       "      <td>0.096353</td>\n",
       "      <td>408.703856</td>\n",
       "      <td>mls</td>\n",
       "    </tr>\n",
       "  </tbody>\n",
       "</table>\n",
       "<p>5 rows × 21 columns</p>\n",
       "</div>"
      ],
      "text/plain": [
       "    energy0  correlation0  homogeneity0  contrast0  energy45  correlation45  \\\n",
       "0  0.440027      0.987313      0.876831  58.919599  0.437526       0.980937   \n",
       "1  0.328523      0.961991      0.766172  87.760241  0.326387       0.962305   \n",
       "2  0.328545      0.973316      0.815981  88.991741  0.323068       0.955651   \n",
       "3  0.256278      0.981375      0.858117  64.215994  0.251838       0.972170   \n",
       "4  0.299454      0.976365      0.802904  73.571775  0.295586       0.965048   \n",
       "\n",
       "   homogeneity45  contrast45  energy90  correlation90  ...  contrast90  \\\n",
       "0       0.829286   88.504887  0.439023       0.984782  ...   70.668794   \n",
       "1       0.726479   86.901689  0.331537       0.976304  ...   54.770630   \n",
       "2       0.738847  147.450430  0.327842       0.970674  ...   97.760656   \n",
       "3       0.800008   95.627266  0.255849       0.980794  ...   66.183715   \n",
       "4       0.742212  108.530538  0.299521       0.974358  ...   79.788690   \n",
       "\n",
       "   energy135  correlation135  homogeneity135  contrast135      asym  \\\n",
       "0   0.437373        0.979830        0.830626    93.645957  0.000008   \n",
       "1   0.325155        0.950490        0.723046   114.141077  0.000016   \n",
       "2   0.324809        0.968194        0.771296   105.747141  0.000011   \n",
       "3   0.252077        0.973593        0.805094    90.735270  0.000005   \n",
       "4   0.296181        0.967294        0.752107   101.555432  0.000008   \n",
       "\n",
       "         border     color    diameter  label  \n",
       "0  16366.942740  0.021012  565.364132    mls  \n",
       "1   4572.983745  0.083268  294.095963    mls  \n",
       "2   3259.533423  0.119282  264.981775    mls  \n",
       "3  11659.430540  0.060257  502.663474    mls  \n",
       "4   8230.659198  0.096353  408.703856    mls  \n",
       "\n",
       "[5 rows x 21 columns]"
      ]
     },
     "execution_count": 4,
     "metadata": {},
     "output_type": "execute_result"
    }
   ],
   "source": [
    "data.head()"
   ]
  },
  {
   "cell_type": "code",
   "execution_count": 6,
   "metadata": {},
   "outputs": [
    {
     "name": "stdout",
     "output_type": "stream",
     "text": [
      "Indeks [ 0 ] =  energy0\n",
      "Indeks [ 1 ] =  correlation0\n",
      "Indeks [ 2 ] =  homogeneity0\n",
      "Indeks [ 3 ] =  contrast0\n",
      "Indeks [ 4 ] =  energy45\n",
      "Indeks [ 5 ] =  correlation45\n",
      "Indeks [ 6 ] =  homogeneity45\n",
      "Indeks [ 7 ] =  contrast45\n",
      "Indeks [ 8 ] =  energy90\n",
      "Indeks [ 9 ] =  correlation90\n",
      "Indeks [ 10 ] =  homogeneity90\n",
      "Indeks [ 11 ] =  contrast90\n",
      "Indeks [ 12 ] =  energy135\n",
      "Indeks [ 13 ] =  correlation135\n",
      "Indeks [ 14 ] =  homogeneity135\n",
      "Indeks [ 15 ] =  contrast135\n",
      "Indeks [ 16 ] =  asym\n",
      "Indeks [ 17 ] =  border\n",
      "Indeks [ 18 ] =  color\n",
      "Indeks [ 19 ] =  diameter\n",
      "Indeks [ 20 ] =  label\n"
     ]
    }
   ],
   "source": [
    "for i in range(len(data.columns)):\n",
    "    print('Indeks [',i,'] = ', data.columns[i])"
   ]
  },
  {
   "cell_type": "code",
   "execution_count": 60,
   "metadata": {},
   "outputs": [
    {
     "name": "stdout",
     "output_type": "stream",
     "text": [
      "<class 'pandas.core.frame.DataFrame'>\n",
      "RangeIndex: 203 entries, 0 to 202\n",
      "Data columns (total 21 columns):\n",
      " #   Column          Non-Null Count  Dtype  \n",
      "---  ------          --------------  -----  \n",
      " 0   energy0         203 non-null    float64\n",
      " 1   correlation0    203 non-null    float64\n",
      " 2   homogeneity0    203 non-null    float64\n",
      " 3   contrast0       203 non-null    float64\n",
      " 4   energy45        203 non-null    float64\n",
      " 5   correlation45   203 non-null    float64\n",
      " 6   homogeneity45   203 non-null    float64\n",
      " 7   contrast45      203 non-null    float64\n",
      " 8   energy90        203 non-null    float64\n",
      " 9   correlation90   203 non-null    float64\n",
      " 10  homogeneity90   203 non-null    float64\n",
      " 11  contrast90      203 non-null    float64\n",
      " 12  energy135       203 non-null    float64\n",
      " 13  correlation135  203 non-null    float64\n",
      " 14  homogeneity135  203 non-null    float64\n",
      " 15  contrast135     203 non-null    float64\n",
      " 16  asym            203 non-null    float64\n",
      " 17  border          203 non-null    float64\n",
      " 18  color           203 non-null    float64\n",
      " 19  diameter        203 non-null    float64\n",
      " 20  label           203 non-null    int32  \n",
      "dtypes: float64(20), int32(1)\n",
      "memory usage: 32.6 KB\n"
     ]
    }
   ],
   "source": [
    "data.info()"
   ]
  },
  {
   "cell_type": "code",
   "execution_count": 8,
   "metadata": {},
   "outputs": [
    {
     "data": {
      "text/html": [
       "<div>\n",
       "<style scoped>\n",
       "    .dataframe tbody tr th:only-of-type {\n",
       "        vertical-align: middle;\n",
       "    }\n",
       "\n",
       "    .dataframe tbody tr th {\n",
       "        vertical-align: top;\n",
       "    }\n",
       "\n",
       "    .dataframe thead th {\n",
       "        text-align: right;\n",
       "    }\n",
       "</style>\n",
       "<table border=\"1\" class=\"dataframe\">\n",
       "  <thead>\n",
       "    <tr style=\"text-align: right;\">\n",
       "      <th></th>\n",
       "      <th>energy0</th>\n",
       "      <th>correlation0</th>\n",
       "      <th>homogeneity0</th>\n",
       "      <th>contrast0</th>\n",
       "      <th>energy45</th>\n",
       "      <th>correlation45</th>\n",
       "      <th>homogeneity45</th>\n",
       "      <th>contrast45</th>\n",
       "      <th>energy90</th>\n",
       "      <th>correlation90</th>\n",
       "      <th>homogeneity90</th>\n",
       "      <th>contrast90</th>\n",
       "      <th>energy135</th>\n",
       "      <th>correlation135</th>\n",
       "      <th>homogeneity135</th>\n",
       "      <th>contrast135</th>\n",
       "      <th>asym</th>\n",
       "      <th>border</th>\n",
       "      <th>color</th>\n",
       "      <th>diameter</th>\n",
       "    </tr>\n",
       "  </thead>\n",
       "  <tbody>\n",
       "    <tr>\n",
       "      <th>energy0</th>\n",
       "      <td>1.000000</td>\n",
       "      <td>0.060489</td>\n",
       "      <td>0.416812</td>\n",
       "      <td>0.386419</td>\n",
       "      <td>0.999466</td>\n",
       "      <td>0.083944</td>\n",
       "      <td>0.493533</td>\n",
       "      <td>0.364940</td>\n",
       "      <td>0.999722</td>\n",
       "      <td>0.103627</td>\n",
       "      <td>0.453492</td>\n",
       "      <td>0.338805</td>\n",
       "      <td>0.999528</td>\n",
       "      <td>0.109489</td>\n",
       "      <td>0.491347</td>\n",
       "      <td>0.350955</td>\n",
       "      <td>0.339382</td>\n",
       "      <td>-0.259318</td>\n",
       "      <td>-0.271864</td>\n",
       "      <td>-0.355105</td>\n",
       "    </tr>\n",
       "    <tr>\n",
       "      <th>correlation0</th>\n",
       "      <td>0.060489</td>\n",
       "      <td>1.000000</td>\n",
       "      <td>0.449881</td>\n",
       "      <td>-0.426362</td>\n",
       "      <td>0.077197</td>\n",
       "      <td>0.943072</td>\n",
       "      <td>0.411475</td>\n",
       "      <td>-0.418948</td>\n",
       "      <td>0.059691</td>\n",
       "      <td>0.850546</td>\n",
       "      <td>0.359773</td>\n",
       "      <td>-0.381104</td>\n",
       "      <td>0.074638</td>\n",
       "      <td>0.922912</td>\n",
       "      <td>0.359297</td>\n",
       "      <td>-0.384900</td>\n",
       "      <td>-0.502307</td>\n",
       "      <td>0.552277</td>\n",
       "      <td>-0.750715</td>\n",
       "      <td>0.644131</td>\n",
       "    </tr>\n",
       "    <tr>\n",
       "      <th>homogeneity0</th>\n",
       "      <td>0.416812</td>\n",
       "      <td>0.449881</td>\n",
       "      <td>1.000000</td>\n",
       "      <td>0.088987</td>\n",
       "      <td>0.413217</td>\n",
       "      <td>0.371793</td>\n",
       "      <td>0.935632</td>\n",
       "      <td>0.111864</td>\n",
       "      <td>0.411856</td>\n",
       "      <td>0.320448</td>\n",
       "      <td>0.871393</td>\n",
       "      <td>0.110544</td>\n",
       "      <td>0.413223</td>\n",
       "      <td>0.395810</td>\n",
       "      <td>0.943817</td>\n",
       "      <td>0.098910</td>\n",
       "      <td>0.111456</td>\n",
       "      <td>0.181364</td>\n",
       "      <td>-0.465862</td>\n",
       "      <td>0.152357</td>\n",
       "    </tr>\n",
       "    <tr>\n",
       "      <th>contrast0</th>\n",
       "      <td>0.386419</td>\n",
       "      <td>-0.426362</td>\n",
       "      <td>0.088987</td>\n",
       "      <td>1.000000</td>\n",
       "      <td>0.367217</td>\n",
       "      <td>-0.390598</td>\n",
       "      <td>0.111553</td>\n",
       "      <td>0.962604</td>\n",
       "      <td>0.383712</td>\n",
       "      <td>-0.373477</td>\n",
       "      <td>0.129607</td>\n",
       "      <td>0.932551</td>\n",
       "      <td>0.366538</td>\n",
       "      <td>-0.423814</td>\n",
       "      <td>0.130139</td>\n",
       "      <td>0.971596</td>\n",
       "      <td>0.866543</td>\n",
       "      <td>-0.560326</td>\n",
       "      <td>0.209586</td>\n",
       "      <td>-0.683850</td>\n",
       "    </tr>\n",
       "    <tr>\n",
       "      <th>energy45</th>\n",
       "      <td>0.999466</td>\n",
       "      <td>0.077197</td>\n",
       "      <td>0.413217</td>\n",
       "      <td>0.367217</td>\n",
       "      <td>1.000000</td>\n",
       "      <td>0.106430</td>\n",
       "      <td>0.495876</td>\n",
       "      <td>0.340752</td>\n",
       "      <td>0.999702</td>\n",
       "      <td>0.127730</td>\n",
       "      <td>0.456185</td>\n",
       "      <td>0.313892</td>\n",
       "      <td>0.999877</td>\n",
       "      <td>0.129630</td>\n",
       "      <td>0.489317</td>\n",
       "      <td>0.330252</td>\n",
       "      <td>0.317294</td>\n",
       "      <td>-0.245404</td>\n",
       "      <td>-0.286239</td>\n",
       "      <td>-0.336751</td>\n",
       "    </tr>\n",
       "    <tr>\n",
       "      <th>correlation45</th>\n",
       "      <td>0.083944</td>\n",
       "      <td>0.943072</td>\n",
       "      <td>0.371793</td>\n",
       "      <td>-0.390598</td>\n",
       "      <td>0.106430</td>\n",
       "      <td>1.000000</td>\n",
       "      <td>0.434703</td>\n",
       "      <td>-0.464206</td>\n",
       "      <td>0.089334</td>\n",
       "      <td>0.939712</td>\n",
       "      <td>0.405355</td>\n",
       "      <td>-0.438233</td>\n",
       "      <td>0.101034</td>\n",
       "      <td>0.914550</td>\n",
       "      <td>0.320062</td>\n",
       "      <td>-0.372272</td>\n",
       "      <td>-0.502677</td>\n",
       "      <td>0.524286</td>\n",
       "      <td>-0.728496</td>\n",
       "      <td>0.626480</td>\n",
       "    </tr>\n",
       "    <tr>\n",
       "      <th>homogeneity45</th>\n",
       "      <td>0.493533</td>\n",
       "      <td>0.411475</td>\n",
       "      <td>0.935632</td>\n",
       "      <td>0.111553</td>\n",
       "      <td>0.495876</td>\n",
       "      <td>0.434703</td>\n",
       "      <td>1.000000</td>\n",
       "      <td>0.063327</td>\n",
       "      <td>0.494309</td>\n",
       "      <td>0.408112</td>\n",
       "      <td>0.948554</td>\n",
       "      <td>0.053420</td>\n",
       "      <td>0.493151</td>\n",
       "      <td>0.401254</td>\n",
       "      <td>0.927999</td>\n",
       "      <td>0.100223</td>\n",
       "      <td>0.101111</td>\n",
       "      <td>0.165480</td>\n",
       "      <td>-0.469545</td>\n",
       "      <td>0.143580</td>\n",
       "    </tr>\n",
       "    <tr>\n",
       "      <th>contrast45</th>\n",
       "      <td>0.364940</td>\n",
       "      <td>-0.418948</td>\n",
       "      <td>0.111864</td>\n",
       "      <td>0.962604</td>\n",
       "      <td>0.340752</td>\n",
       "      <td>-0.464206</td>\n",
       "      <td>0.063327</td>\n",
       "      <td>1.000000</td>\n",
       "      <td>0.357530</td>\n",
       "      <td>-0.458111</td>\n",
       "      <td>0.072415</td>\n",
       "      <td>0.971330</td>\n",
       "      <td>0.343010</td>\n",
       "      <td>-0.439425</td>\n",
       "      <td>0.132049</td>\n",
       "      <td>0.945049</td>\n",
       "      <td>0.859240</td>\n",
       "      <td>-0.549583</td>\n",
       "      <td>0.215104</td>\n",
       "      <td>-0.681304</td>\n",
       "    </tr>\n",
       "    <tr>\n",
       "      <th>energy90</th>\n",
       "      <td>0.999722</td>\n",
       "      <td>0.059691</td>\n",
       "      <td>0.411856</td>\n",
       "      <td>0.383712</td>\n",
       "      <td>0.999702</td>\n",
       "      <td>0.089334</td>\n",
       "      <td>0.494309</td>\n",
       "      <td>0.357530</td>\n",
       "      <td>1.000000</td>\n",
       "      <td>0.114088</td>\n",
       "      <td>0.458063</td>\n",
       "      <td>0.328399</td>\n",
       "      <td>0.999703</td>\n",
       "      <td>0.114976</td>\n",
       "      <td>0.490875</td>\n",
       "      <td>0.344666</td>\n",
       "      <td>0.333525</td>\n",
       "      <td>-0.258942</td>\n",
       "      <td>-0.271779</td>\n",
       "      <td>-0.353143</td>\n",
       "    </tr>\n",
       "    <tr>\n",
       "      <th>correlation90</th>\n",
       "      <td>0.103627</td>\n",
       "      <td>0.850546</td>\n",
       "      <td>0.320448</td>\n",
       "      <td>-0.373477</td>\n",
       "      <td>0.127730</td>\n",
       "      <td>0.939712</td>\n",
       "      <td>0.408112</td>\n",
       "      <td>-0.458111</td>\n",
       "      <td>0.114088</td>\n",
       "      <td>1.000000</td>\n",
       "      <td>0.456376</td>\n",
       "      <td>-0.503003</td>\n",
       "      <td>0.125065</td>\n",
       "      <td>0.950097</td>\n",
       "      <td>0.345920</td>\n",
       "      <td>-0.424343</td>\n",
       "      <td>-0.520591</td>\n",
       "      <td>0.486434</td>\n",
       "      <td>-0.698437</td>\n",
       "      <td>0.592468</td>\n",
       "    </tr>\n",
       "    <tr>\n",
       "      <th>homogeneity90</th>\n",
       "      <td>0.453492</td>\n",
       "      <td>0.359773</td>\n",
       "      <td>0.871393</td>\n",
       "      <td>0.129607</td>\n",
       "      <td>0.456185</td>\n",
       "      <td>0.405355</td>\n",
       "      <td>0.948554</td>\n",
       "      <td>0.072415</td>\n",
       "      <td>0.458063</td>\n",
       "      <td>0.456376</td>\n",
       "      <td>1.000000</td>\n",
       "      <td>0.020490</td>\n",
       "      <td>0.455264</td>\n",
       "      <td>0.427442</td>\n",
       "      <td>0.941736</td>\n",
       "      <td>0.078830</td>\n",
       "      <td>0.092264</td>\n",
       "      <td>0.132063</td>\n",
       "      <td>-0.418323</td>\n",
       "      <td>0.115210</td>\n",
       "    </tr>\n",
       "    <tr>\n",
       "      <th>contrast90</th>\n",
       "      <td>0.338805</td>\n",
       "      <td>-0.381104</td>\n",
       "      <td>0.110544</td>\n",
       "      <td>0.932551</td>\n",
       "      <td>0.313892</td>\n",
       "      <td>-0.438233</td>\n",
       "      <td>0.053420</td>\n",
       "      <td>0.971330</td>\n",
       "      <td>0.328399</td>\n",
       "      <td>-0.503003</td>\n",
       "      <td>0.020490</td>\n",
       "      <td>1.000000</td>\n",
       "      <td>0.314098</td>\n",
       "      <td>-0.474508</td>\n",
       "      <td>0.089389</td>\n",
       "      <td>0.967949</td>\n",
       "      <td>0.860337</td>\n",
       "      <td>-0.528772</td>\n",
       "      <td>0.222977</td>\n",
       "      <td>-0.662307</td>\n",
       "    </tr>\n",
       "    <tr>\n",
       "      <th>energy135</th>\n",
       "      <td>0.999528</td>\n",
       "      <td>0.074638</td>\n",
       "      <td>0.413223</td>\n",
       "      <td>0.366538</td>\n",
       "      <td>0.999877</td>\n",
       "      <td>0.101034</td>\n",
       "      <td>0.493151</td>\n",
       "      <td>0.343010</td>\n",
       "      <td>0.999703</td>\n",
       "      <td>0.125065</td>\n",
       "      <td>0.455264</td>\n",
       "      <td>0.314098</td>\n",
       "      <td>1.000000</td>\n",
       "      <td>0.129887</td>\n",
       "      <td>0.491134</td>\n",
       "      <td>0.327661</td>\n",
       "      <td>0.316516</td>\n",
       "      <td>-0.246400</td>\n",
       "      <td>-0.284280</td>\n",
       "      <td>-0.338191</td>\n",
       "    </tr>\n",
       "    <tr>\n",
       "      <th>correlation135</th>\n",
       "      <td>0.109489</td>\n",
       "      <td>0.922912</td>\n",
       "      <td>0.395810</td>\n",
       "      <td>-0.423814</td>\n",
       "      <td>0.129630</td>\n",
       "      <td>0.914550</td>\n",
       "      <td>0.401254</td>\n",
       "      <td>-0.439425</td>\n",
       "      <td>0.114976</td>\n",
       "      <td>0.950097</td>\n",
       "      <td>0.427442</td>\n",
       "      <td>-0.474508</td>\n",
       "      <td>0.129887</td>\n",
       "      <td>1.000000</td>\n",
       "      <td>0.402468</td>\n",
       "      <td>-0.463752</td>\n",
       "      <td>-0.543224</td>\n",
       "      <td>0.523512</td>\n",
       "      <td>-0.723718</td>\n",
       "      <td>0.620732</td>\n",
       "    </tr>\n",
       "    <tr>\n",
       "      <th>homogeneity135</th>\n",
       "      <td>0.491347</td>\n",
       "      <td>0.359297</td>\n",
       "      <td>0.943817</td>\n",
       "      <td>0.130139</td>\n",
       "      <td>0.489317</td>\n",
       "      <td>0.320062</td>\n",
       "      <td>0.927999</td>\n",
       "      <td>0.132049</td>\n",
       "      <td>0.490875</td>\n",
       "      <td>0.345920</td>\n",
       "      <td>0.941736</td>\n",
       "      <td>0.089389</td>\n",
       "      <td>0.491134</td>\n",
       "      <td>0.402468</td>\n",
       "      <td>1.000000</td>\n",
       "      <td>0.090396</td>\n",
       "      <td>0.121467</td>\n",
       "      <td>0.131648</td>\n",
       "      <td>-0.414781</td>\n",
       "      <td>0.097648</td>\n",
       "    </tr>\n",
       "    <tr>\n",
       "      <th>contrast135</th>\n",
       "      <td>0.350955</td>\n",
       "      <td>-0.384900</td>\n",
       "      <td>0.098910</td>\n",
       "      <td>0.971596</td>\n",
       "      <td>0.330252</td>\n",
       "      <td>-0.372272</td>\n",
       "      <td>0.100223</td>\n",
       "      <td>0.945049</td>\n",
       "      <td>0.344666</td>\n",
       "      <td>-0.424343</td>\n",
       "      <td>0.078830</td>\n",
       "      <td>0.967949</td>\n",
       "      <td>0.327661</td>\n",
       "      <td>-0.463752</td>\n",
       "      <td>0.090396</td>\n",
       "      <td>1.000000</td>\n",
       "      <td>0.874949</td>\n",
       "      <td>-0.535357</td>\n",
       "      <td>0.203311</td>\n",
       "      <td>-0.659282</td>\n",
       "    </tr>\n",
       "    <tr>\n",
       "      <th>asym</th>\n",
       "      <td>0.339382</td>\n",
       "      <td>-0.502307</td>\n",
       "      <td>0.111456</td>\n",
       "      <td>0.866543</td>\n",
       "      <td>0.317294</td>\n",
       "      <td>-0.502677</td>\n",
       "      <td>0.101111</td>\n",
       "      <td>0.859240</td>\n",
       "      <td>0.333525</td>\n",
       "      <td>-0.520591</td>\n",
       "      <td>0.092264</td>\n",
       "      <td>0.860337</td>\n",
       "      <td>0.316516</td>\n",
       "      <td>-0.543224</td>\n",
       "      <td>0.121467</td>\n",
       "      <td>0.874949</td>\n",
       "      <td>1.000000</td>\n",
       "      <td>-0.436186</td>\n",
       "      <td>0.296952</td>\n",
       "      <td>-0.603570</td>\n",
       "    </tr>\n",
       "    <tr>\n",
       "      <th>border</th>\n",
       "      <td>-0.259318</td>\n",
       "      <td>0.552277</td>\n",
       "      <td>0.181364</td>\n",
       "      <td>-0.560326</td>\n",
       "      <td>-0.245404</td>\n",
       "      <td>0.524286</td>\n",
       "      <td>0.165480</td>\n",
       "      <td>-0.549583</td>\n",
       "      <td>-0.258942</td>\n",
       "      <td>0.486434</td>\n",
       "      <td>0.132063</td>\n",
       "      <td>-0.528772</td>\n",
       "      <td>-0.246400</td>\n",
       "      <td>0.523512</td>\n",
       "      <td>0.131648</td>\n",
       "      <td>-0.535357</td>\n",
       "      <td>-0.436186</td>\n",
       "      <td>1.000000</td>\n",
       "      <td>-0.523038</td>\n",
       "      <td>0.944341</td>\n",
       "    </tr>\n",
       "    <tr>\n",
       "      <th>color</th>\n",
       "      <td>-0.271864</td>\n",
       "      <td>-0.750715</td>\n",
       "      <td>-0.465862</td>\n",
       "      <td>0.209586</td>\n",
       "      <td>-0.286239</td>\n",
       "      <td>-0.728496</td>\n",
       "      <td>-0.469545</td>\n",
       "      <td>0.215104</td>\n",
       "      <td>-0.271779</td>\n",
       "      <td>-0.698437</td>\n",
       "      <td>-0.418323</td>\n",
       "      <td>0.222977</td>\n",
       "      <td>-0.284280</td>\n",
       "      <td>-0.723718</td>\n",
       "      <td>-0.414781</td>\n",
       "      <td>0.203311</td>\n",
       "      <td>0.296952</td>\n",
       "      <td>-0.523038</td>\n",
       "      <td>1.000000</td>\n",
       "      <td>-0.573196</td>\n",
       "    </tr>\n",
       "    <tr>\n",
       "      <th>diameter</th>\n",
       "      <td>-0.355105</td>\n",
       "      <td>0.644131</td>\n",
       "      <td>0.152357</td>\n",
       "      <td>-0.683850</td>\n",
       "      <td>-0.336751</td>\n",
       "      <td>0.626480</td>\n",
       "      <td>0.143580</td>\n",
       "      <td>-0.681304</td>\n",
       "      <td>-0.353143</td>\n",
       "      <td>0.592468</td>\n",
       "      <td>0.115210</td>\n",
       "      <td>-0.662307</td>\n",
       "      <td>-0.338191</td>\n",
       "      <td>0.620732</td>\n",
       "      <td>0.097648</td>\n",
       "      <td>-0.659282</td>\n",
       "      <td>-0.603570</td>\n",
       "      <td>0.944341</td>\n",
       "      <td>-0.573196</td>\n",
       "      <td>1.000000</td>\n",
       "    </tr>\n",
       "  </tbody>\n",
       "</table>\n",
       "</div>"
      ],
      "text/plain": [
       "                 energy0  correlation0  homogeneity0  contrast0  energy45  \\\n",
       "energy0         1.000000      0.060489      0.416812   0.386419  0.999466   \n",
       "correlation0    0.060489      1.000000      0.449881  -0.426362  0.077197   \n",
       "homogeneity0    0.416812      0.449881      1.000000   0.088987  0.413217   \n",
       "contrast0       0.386419     -0.426362      0.088987   1.000000  0.367217   \n",
       "energy45        0.999466      0.077197      0.413217   0.367217  1.000000   \n",
       "correlation45   0.083944      0.943072      0.371793  -0.390598  0.106430   \n",
       "homogeneity45   0.493533      0.411475      0.935632   0.111553  0.495876   \n",
       "contrast45      0.364940     -0.418948      0.111864   0.962604  0.340752   \n",
       "energy90        0.999722      0.059691      0.411856   0.383712  0.999702   \n",
       "correlation90   0.103627      0.850546      0.320448  -0.373477  0.127730   \n",
       "homogeneity90   0.453492      0.359773      0.871393   0.129607  0.456185   \n",
       "contrast90      0.338805     -0.381104      0.110544   0.932551  0.313892   \n",
       "energy135       0.999528      0.074638      0.413223   0.366538  0.999877   \n",
       "correlation135  0.109489      0.922912      0.395810  -0.423814  0.129630   \n",
       "homogeneity135  0.491347      0.359297      0.943817   0.130139  0.489317   \n",
       "contrast135     0.350955     -0.384900      0.098910   0.971596  0.330252   \n",
       "asym            0.339382     -0.502307      0.111456   0.866543  0.317294   \n",
       "border         -0.259318      0.552277      0.181364  -0.560326 -0.245404   \n",
       "color          -0.271864     -0.750715     -0.465862   0.209586 -0.286239   \n",
       "diameter       -0.355105      0.644131      0.152357  -0.683850 -0.336751   \n",
       "\n",
       "                correlation45  homogeneity45  contrast45  energy90  \\\n",
       "energy0              0.083944       0.493533    0.364940  0.999722   \n",
       "correlation0         0.943072       0.411475   -0.418948  0.059691   \n",
       "homogeneity0         0.371793       0.935632    0.111864  0.411856   \n",
       "contrast0           -0.390598       0.111553    0.962604  0.383712   \n",
       "energy45             0.106430       0.495876    0.340752  0.999702   \n",
       "correlation45        1.000000       0.434703   -0.464206  0.089334   \n",
       "homogeneity45        0.434703       1.000000    0.063327  0.494309   \n",
       "contrast45          -0.464206       0.063327    1.000000  0.357530   \n",
       "energy90             0.089334       0.494309    0.357530  1.000000   \n",
       "correlation90        0.939712       0.408112   -0.458111  0.114088   \n",
       "homogeneity90        0.405355       0.948554    0.072415  0.458063   \n",
       "contrast90          -0.438233       0.053420    0.971330  0.328399   \n",
       "energy135            0.101034       0.493151    0.343010  0.999703   \n",
       "correlation135       0.914550       0.401254   -0.439425  0.114976   \n",
       "homogeneity135       0.320062       0.927999    0.132049  0.490875   \n",
       "contrast135         -0.372272       0.100223    0.945049  0.344666   \n",
       "asym                -0.502677       0.101111    0.859240  0.333525   \n",
       "border               0.524286       0.165480   -0.549583 -0.258942   \n",
       "color               -0.728496      -0.469545    0.215104 -0.271779   \n",
       "diameter             0.626480       0.143580   -0.681304 -0.353143   \n",
       "\n",
       "                correlation90  homogeneity90  contrast90  energy135  \\\n",
       "energy0              0.103627       0.453492    0.338805   0.999528   \n",
       "correlation0         0.850546       0.359773   -0.381104   0.074638   \n",
       "homogeneity0         0.320448       0.871393    0.110544   0.413223   \n",
       "contrast0           -0.373477       0.129607    0.932551   0.366538   \n",
       "energy45             0.127730       0.456185    0.313892   0.999877   \n",
       "correlation45        0.939712       0.405355   -0.438233   0.101034   \n",
       "homogeneity45        0.408112       0.948554    0.053420   0.493151   \n",
       "contrast45          -0.458111       0.072415    0.971330   0.343010   \n",
       "energy90             0.114088       0.458063    0.328399   0.999703   \n",
       "correlation90        1.000000       0.456376   -0.503003   0.125065   \n",
       "homogeneity90        0.456376       1.000000    0.020490   0.455264   \n",
       "contrast90          -0.503003       0.020490    1.000000   0.314098   \n",
       "energy135            0.125065       0.455264    0.314098   1.000000   \n",
       "correlation135       0.950097       0.427442   -0.474508   0.129887   \n",
       "homogeneity135       0.345920       0.941736    0.089389   0.491134   \n",
       "contrast135         -0.424343       0.078830    0.967949   0.327661   \n",
       "asym                -0.520591       0.092264    0.860337   0.316516   \n",
       "border               0.486434       0.132063   -0.528772  -0.246400   \n",
       "color               -0.698437      -0.418323    0.222977  -0.284280   \n",
       "diameter             0.592468       0.115210   -0.662307  -0.338191   \n",
       "\n",
       "                correlation135  homogeneity135  contrast135      asym  \\\n",
       "energy0               0.109489        0.491347     0.350955  0.339382   \n",
       "correlation0          0.922912        0.359297    -0.384900 -0.502307   \n",
       "homogeneity0          0.395810        0.943817     0.098910  0.111456   \n",
       "contrast0            -0.423814        0.130139     0.971596  0.866543   \n",
       "energy45              0.129630        0.489317     0.330252  0.317294   \n",
       "correlation45         0.914550        0.320062    -0.372272 -0.502677   \n",
       "homogeneity45         0.401254        0.927999     0.100223  0.101111   \n",
       "contrast45           -0.439425        0.132049     0.945049  0.859240   \n",
       "energy90              0.114976        0.490875     0.344666  0.333525   \n",
       "correlation90         0.950097        0.345920    -0.424343 -0.520591   \n",
       "homogeneity90         0.427442        0.941736     0.078830  0.092264   \n",
       "contrast90           -0.474508        0.089389     0.967949  0.860337   \n",
       "energy135             0.129887        0.491134     0.327661  0.316516   \n",
       "correlation135        1.000000        0.402468    -0.463752 -0.543224   \n",
       "homogeneity135        0.402468        1.000000     0.090396  0.121467   \n",
       "contrast135          -0.463752        0.090396     1.000000  0.874949   \n",
       "asym                 -0.543224        0.121467     0.874949  1.000000   \n",
       "border                0.523512        0.131648    -0.535357 -0.436186   \n",
       "color                -0.723718       -0.414781     0.203311  0.296952   \n",
       "diameter              0.620732        0.097648    -0.659282 -0.603570   \n",
       "\n",
       "                  border     color  diameter  \n",
       "energy0        -0.259318 -0.271864 -0.355105  \n",
       "correlation0    0.552277 -0.750715  0.644131  \n",
       "homogeneity0    0.181364 -0.465862  0.152357  \n",
       "contrast0      -0.560326  0.209586 -0.683850  \n",
       "energy45       -0.245404 -0.286239 -0.336751  \n",
       "correlation45   0.524286 -0.728496  0.626480  \n",
       "homogeneity45   0.165480 -0.469545  0.143580  \n",
       "contrast45     -0.549583  0.215104 -0.681304  \n",
       "energy90       -0.258942 -0.271779 -0.353143  \n",
       "correlation90   0.486434 -0.698437  0.592468  \n",
       "homogeneity90   0.132063 -0.418323  0.115210  \n",
       "contrast90     -0.528772  0.222977 -0.662307  \n",
       "energy135      -0.246400 -0.284280 -0.338191  \n",
       "correlation135  0.523512 -0.723718  0.620732  \n",
       "homogeneity135  0.131648 -0.414781  0.097648  \n",
       "contrast135    -0.535357  0.203311 -0.659282  \n",
       "asym           -0.436186  0.296952 -0.603570  \n",
       "border          1.000000 -0.523038  0.944341  \n",
       "color          -0.523038  1.000000 -0.573196  \n",
       "diameter        0.944341 -0.573196  1.000000  "
      ]
     },
     "execution_count": 8,
     "metadata": {},
     "output_type": "execute_result"
    }
   ],
   "source": [
    "data.corr()"
   ]
  },
  {
   "cell_type": "code",
   "execution_count": 65,
   "metadata": {},
   "outputs": [
    {
     "data": {
      "text/plain": [
       "[Text(0, 0.5, 'energy0'),\n",
       " Text(0, 1.5, 'correlation0'),\n",
       " Text(0, 2.5, 'homogeneity0'),\n",
       " Text(0, 3.5, 'contrast0'),\n",
       " Text(0, 4.5, 'energy45'),\n",
       " Text(0, 5.5, 'correlation45'),\n",
       " Text(0, 6.5, 'homogeneity45'),\n",
       " Text(0, 7.5, 'contrast45'),\n",
       " Text(0, 8.5, 'energy90'),\n",
       " Text(0, 9.5, 'correlation90'),\n",
       " Text(0, 10.5, 'homogeneity90'),\n",
       " Text(0, 11.5, 'contrast90'),\n",
       " Text(0, 12.5, 'energy135'),\n",
       " Text(0, 13.5, 'correlation135'),\n",
       " Text(0, 14.5, 'homogeneity135'),\n",
       " Text(0, 15.5, 'contrast135'),\n",
       " Text(0, 16.5, 'asym'),\n",
       " Text(0, 17.5, 'border'),\n",
       " Text(0, 18.5, 'color'),\n",
       " Text(0, 19.5, 'diameter'),\n",
       " Text(0, 20.5, 'label')]"
      ]
     },
     "execution_count": 65,
     "metadata": {},
     "output_type": "execute_result"
    },
    {
     "data": {
